fc_rnn results

epoch,correlation_coefficient,fraction_of_explained_variance,loss,lr,root_mean_squared_error,val_correlation_coefficient,val_fraction_of_explained_variance,val_loss,val_root_mean_squared_error


cell0, epoch 12, regularized
12,0.7563358902195199,0.5712469830914627,97.17168977061505,1.8587685e-05,9.834970036305133,0.31756083594562756,-0.2730288537217671,187.0194385134347,13.465904914940314

cell1, epoch 12, regularized
12,0.6343812151571344,0.4008876726511952,22.372951712955004,9.2938426e-05,4.692415991762235,0.1539041402183238,-0.21196391485804972,38.074087546705144,6.114969720981246

cell2, epoch 12, regularized
12,0.6843397088783029,0.4676730276651725,22.954549181987783,9.2938426e-05,4.749293387350705,0.18558157042638931,-0.12726474432721693,43.2226737883234,6.521453665438146

cell3, epoch 12, regularized
12,0.8016557940972896,0.6415495498821533,71.29211630168248,9.2938426e-05,8.416513460099416,0.34679349889660405,-0.30400859827653337,186.0428247778726,13.619591044160227

cell4, epoch 12, regularized
12,0.8412041412296997,0.7056952059990432,17.947011817373788,1.8587685e-05,4.192520447157607,0.4237767022368391,-0.006316071649693126,54.64934931609031,7.364891803215282

cell5, epoch 12, regularized
12,0.7179168534033221,0.5137516252069918,29.28602898609038,9.2938426e-05,5.381866985148687,0.34895424351608845,-0.2831096683631561,39.63125156918864,6.266409490260033

cell6, epoch 12, regularized
12,0.5515735939344256,0.3036052257714312,52.581838614764536,9.2938426e-05,7.228912897948368,0.31638295648530823,-0.04179303070180639,64.20640825072141,7.992601324787501

cell7, epoch 12, regularized
12,0.5505413565223513,0.3026074197392688,14.127762022660669,1.8587685e-05,3.7182441674549827,0.16883637465166573,-0.2563239690939222,13.537303189968002,3.6333658476522084

cell8, epoch 12, regularized
12,0.44866498728478016,0.20156576630271333,177.70576643602485,9.2938426e-05,13.306392548520078,0.008214463684904626,-0.37092690661791644,99.56186449438641,9.851188312371228

cell9, epoch 12, regularized
